   -4.4
   -4.8
   -0.9
   -2.0
   -0.2
   -0.6
   -2.3
    2.8
    2.7
   -1.5
   -9.7
   -6.0
   -6.0
   -2.9
  -10.6
  -10.1
   -1.1
    3.6
    3.8
   -2.4
  -12.0
  -10.6
   -9.8
   -3.2
    0.8
  -10.2
   -9.2
   -5.8
   -1.4
    1.6
   -0.5
   -4.2
   -1.2
   -2.5
   -2.0
   -3.7
   -6.6
   -5.0
   -1.9
   -1.9
   -8.5
  -10.8
   -7.6
   -3.3
   -1.4
   -6.8
   -7.6
   -5.0
    0.0
  -11.1
  -15.8
  -16.7
  -13.3
  -12.9
  -14.6
  -12.8
   -5.4
   -3.3
   -6.1
   -4.0
    0.3
    0.3
   -2.4
  -13.5
  -10.0
   -5.2
   -0.8
   -1.2
   -5.9
   -7.2
   -2.6
   -5.1
    0.1
    0.1
   -5.2
   -2.9
   -4.9
   -7.4
   -7.0
   -0.9
    4.0
    1.5
    0.8
    0.6
   -3.6
   -5.5
   -5.2
   -6.1
   -0.8
    0.9
    2.1
    4.0
   -7.5
   -0.6
    0.6
   -5.3
    0.6
   -1.8
   -3.0
    2.4
    7.1
    5.2
   -7.4
   -4.7
    0.0
    5.2
   -1.1
   -4.2
   -1.5
   -2.2
   -3.1
    2.4
    4.1
   -5.5
    1.2
   -0.3
    3.3
    6.0
    8.4
    4.8
    0.7
   -0.5
   -0.9
    2.1
    5.7
    6.4
    7.8
    7.4
    7.8
    9.8
    6.4
    5.3
    3.8
    3.4
    4.7
    7.7
   10.4
    3.9
    0.5
    1.7
    7.0
    6.8
    7.6
    8.3
    9.7
   13.1
   11.5
    5.5
    6.3
    8.8
   12.5
   12.4
    8.2
    9.1
   14.0
   14.7
   13.6
   12.6
   12.7
   13.9
   16.4
   11.7
   11.8
   14.3
   15.5
   15.2
   11.4
    8.1
    9.8
    8.5
    8.2
   12.7
   11.5
    9.8
    5.3
   11.1
   15.8
   16.3
   17.1
   15.3
    7.7
   10.0
   13.3
   14.4
   14.2
   11.0
   12.9
   13.4
   17.0
   14.8
   15.7
   16.1
   11.1
   11.2
   14.7
    9.9
   12.4
   13.8
   15.4
   15.9
   16.2
   16.0
   14.3
   10.9
   13.4
   12.9
   11.3
   11.8
   11.2
   11.9
    8.2
   10.4
   10.6
   13.7
   11.5
   14.4
   11.9
   11.7
   10.9
   10.3
   11.7
   12.4
   12.5
   13.1
   13.1
   10.2
   12.4
   14.0
   13.0
   11.0
    7.6
    7.8
    8.4
   11.3
   11.7
   13.3
   13.5
   15.4
   12.5
    8.3
-9999.0
   13.6
   13.7
   10.2
    9.6
    9.9
   10.8
    7.4
    6.0
    6.3
   10.3
   11.1
   11.7
   13.2
   15.4
   15.9
   14.5
   15.1
   16.3
   15.2
   14.3
   12.9
   10.1
    5.7
   11.2
   13.0
    8.0
    2.5
    6.0
    8.7
    7.8
   12.3
   13.4
   10.6
   10.4
    9.5
    5.6
    4.2
   -0.4
    0.2
   -3.5
   -4.5
   -6.6
   -1.5
    1.3
    2.4
  -12.7
  -10.0
   -5.5
   -2.4
    0.9
    1.7
    2.4
    5.3
    3.6
    4.0
    3.3
    2.6
    2.9
    5.3
    7.2
    7.5
   -4.7
   -6.1
   -3.6
   -0.2
   -3.6
   -3.6
   -4.8
   -6.9
   -8.6
  -11.6
   -6.6
   -4.3
  -13.1
  -14.0
   -4.6
   -0.7
    1.4
   -0.6
   -8.6
   -5.3
   -3.9
   -1.3
    0.2
    0.0
   -5.4
   -5.9
  -10.7
   -6.3
   -1.3
   -1.2
   -3.4
   -6.2
   -8.5
  -13.0
  -13.8
  -13.2
   -7.0
   -7.9
   -5.5
   -5.3
   -6.6
   -1.1
   -1.9
   -4.7
   -7.1
    0.5
    0.0
    0.5
   -0.4
   -2.2
   -6.3
   -4.6
   -1.3
   -8.1
   -6.3
   -6.3
   -8.9
   -6.5
  -16.1
  -17.8
   -8.6
   -4.7
  -17.9
